322 293 276 278 291 323 367 406 429 420 407 393 364 339 323 329 349 363 385 414 438 438 415 388 
364 341 319 313 322 340 371 406 440 454 450 423 376 338 317 314 320 323 342 377 406 417 401 381
364 338 309 291 299 313 325 349 381 408 409 387 364 345 324 303 301 312 322 341 366 393 401 390
378 365 349 328 318 330 344 356 375 397 412 402 381 363 347 326 309 311 315 320 338 365 389 391
384 383 378 370 355 347 365 385 388 390 402 414 407 387 367 352 337 326 323 319 321 338 360 379
383 379 386 391 387 377 374 390 401 397 390 389 390 380 360 342 332 323 312 302 293 295 309 327
344 353 359 370 379 381 379 376 381 390 389 379 370 369 373 364 344 338 338 328 315 306 303 310
325 344 360 373 388 401 405 404 397 390 392 393 385 373 369 368 363 350 334 324 320 311 301 300
306 321 340 363 383 395 406 411 406 397 384 383 388 385 379 376 376 379 367 344 330 326 317 306
305 313 328 352 378 396 403 411 411 398 382 366 368 379 379 374 373 384 386 362 332 317 313 299
286 287 300 326 355 379 394 401 406 397 378 359 346 358 375 375 375 388 405 397 365 339 328 313
294 291 296 315 350 380 403 410 411 407 387 365 346 346 366 376 379 394 415 422 402 372 351 331
310 307 321 322 340 378 414 433 426 415 403 381 356 338 346 359 364 380 402 418 410 383 359 340
317 299 298 305 323 353 386 415 419 401 389 373 348 325 323 340 355 371 396 420 425 405 379 356
333 312 303 307 318 343 376 406 420 408 392 375 348 320 310 322 335 348 374 403 422 412 390 370
351 329 310 314 327 339 365 395 417 416 399 384 364 337 318 319 331 342 361 388 414 419 401 382
366 348 326 320 334 346 359 377 399 410 397 376 356 337 318 307 310 317 331 352 378 395 388 377
365 351 336 324 333 348 353 366 383 399 398 377 358 342 326 312 309 317 327 346 369 389 393 383
376 368 356 343 344 361 368 370 379 391 397 383 362 349 342 327 316 318 324 334 350 367 380 382
380 376 372 369 364 368 383 390 388 388 395 395 381 365 357 351 339 334 337 336 340 356 375 385
382 384 391 397 400 394 399 416 417 409 403 402 404 392 376 367 360 350 337 326 326 336 349 365
370 375 386 391 396 396 393 397 401 396 386 374 366 368 366 355 350 349 339 326 317 315 321 328
338 351 362 376 389 395 400 399 390 387 387 377 365 358 357 357 352 341 333 331 324 312 308 312
323 336 350 368 380 389 396 397 392 381 373 374 370 363 358 358 364 361 344 330 324 319 310 304
312 325 339 358 380 394 399 400 395 386 372 363 368 369 365 365 371 378 369 347 330 319 308 298
298 306 324 349 375 395 400 403 401 387 369 351 352 362 362 363 372 387 391 370 344 325 308 290
280 284 299 326 361 391 403 401 397 384 362 336 323 339 353 358 373 398 418 413 387 360 335 307
286 289 298 316 353 393 422 423 414 405 381 351 329 328 346 360 375 399 429 447 428 398 369 338
310 296 299 313 343 381 419 439 429 410 389 358 326 308 318 335 351 378 414 445 445 422 397 369
334 305 302 318 334 362 400 433 438 417 394 367 336 307 295 310 325 345 383 424 445 432 411 388
360 331 312 318 332 350 379 412 431 423 397 370 345 316 291 290 299 313 346 388 422 426 413 403 