210 213 216 220 223 224 224 220 213 207 204 201 200 201 204 209 214 216 217 217 216 212 210 210
209 212 217 222 227 230 231 229 225 221 217 214 213 214 217 222 226 228 228 226 222 217 211 207
205 205 206 208 212 215 217 215 212 207 201 197 196 195 194 196 200 204 204 204 202 197 191 187
186 187 188 190 193 197 201 204 207 206 201 197 196 196 196 198 201 203 205 206 207 205 201 197
194 191 191 194 196 199 203 207 210 213 213 210 209 210 210 211 213 216 218 219 220 220 219 217
212 209 206 204 205 208 211 212 215 217 218 218 218 218 217 216 216 216 215 215 214 210 206 203
199 194 191 188 185 184 184 186 188 191 194 197 198 200 202 203 204 205 205 205 206 204 203 203
201 198 196 194 192 191 191 192 193 197 200 203 206 210 210 211 212 212 211 210 210 208 207 206
205 202 200 197 193 191 189 188 188 190 193 197 202 208 211 212 213 215 215 217 217 216 217 220 
222 223 224 225 223 221 220 221 222 223 222 222 222 224 224 224 225 222 219 217 216 214 214 215
215 215 214 212 208 204 200 196 194 194 195 197 201 207 211 214 217 217 215 214 214 213 213 214
216 217 218 218 216 212 209 203 198 197 196 197 200 203 207 209 211 213 211 208 206 205 203 204
206 207 209 210 208 205 201 196 189 186 185 185 187 192 198 202 206 208 207 205 204 203 202 204
208 211 215 218 219 219 218 214 210 208 206 206 206 210 215 219 222 224 223 221 218 215 213 213
215 216 220 223 224 224 224 221 216 210 208 207 207 209 212 215 217 218 217 216 212 208 206 206
207 209 213 217 219 221 222 221 219 217 216 215 216 219 223 227 231 234 235 235 233 229 225 224
224 225 228 231 233 236 236 235 232 229 226 223 222 222 222 223 224 224 224 222 219 214 209 206
204 204 206 209 212 214 217 218 217 215 213 212 212 212 212 214 216 218 218 217 215 211 207 204
202 201 201 203 206 209 211 212 213 212 211 210 209 209 209 210 211 212 212 211 209 206 202 198
196 195 194 194 196 199 200 201 202 203 202 203 204 206 206 207 209 209 209 210 210 209 205 202
198 196 197 199 201 203 206 209 212 215 218 219 221 223 226 229 231 234 236 236 236 236 236 234
231 229 228 226 226 226 228 228 228 229 230 231 232 234 234 234 234 233 233 231 229 227 225 223
221 218 215 213 212 211 211 212 213 215 217 220 222 223 224 225 225 225 224 223 224 223 223 223
222 220 220 219 213 211 213 212 213 213 213 217 221 221 221 222 223 223 221 220 221 220 219 220
218 214 213 212 209 207 204 203 204 205 208 212 216 218 220 221 222 223 222 222 221 219 219 220
221 221 219 217 214 210 207 206 205 205 207 211 215 219 221 223 223 222 220 219 217 215 215 215
216 216 216 214 211 206 200 196 194 193 193 196 201 205 209 211 213 212 211 209 207 206 206 208
212 214 217 217 217 215 210 205 202 201 201 202 206 212 217 220 223 223 221 218 216 214 214 216
221 227 231 234 235 234 231 226 221 218 217 216 218 223 229 234 236 236 234 230 228 224 221 221
223 226 232 236 238 239 237 232 226 221 217 216 217 219 224 228 229 228 226 222 216 211 209 207
208 211 217 223 228 230 231 228 224 219 216 215 215 215 218 221 224 225 224 220 214 207 203 201