1.006955550056718884e+00 1.526303000000000000e+06
1.042104532339387823e+00 1.426340000000000000e+06
1.078480431694451624e+00 1.333464000000000000e+06
1.116126075123000660e+00 1.244754000000000000e+06
1.155085784553584238e+00 1.164069000000000000e+06
1.195405429024434696e+00 1.087137000000000000e+06
1.237132478687172688e+00 1.014205000000000000e+06
1.280316060695574576e+00 9.485960000000000000e+05
1.325007017045207514e+00 8.867100000000000000e+05
1.371257964432021970e+00 8.285910000000000000e+05
1.419123356200382435e+00 7.752550000000000000e+05
1.468659546453467080e+00 7.254220000000000000e+05
1.519924856401515756e+00 6.760940000000000000e+05
1.572979643026045427e+00 6.321550000000000000e+05
1.627886370140869232e+00 5.918430000000000000e+05
1.684709681933586278e+00 5.541240000000000000e+05
1.743516479074124437e+00 5.169410000000000000e+05
1.804375997479942706e+00 4.830540000000000000e+05
1.867359889830626285e+00 4.522630000000000000e+05
1.932542309927845370e+00 4.222880000000000000e+05
