82 97 116 137 153 158 155 146 131 115 103 101 106 115 132 150 162 166 161 150 134 116 101 93
96 107 124 144 162 173 174 167 155 138 123 116 116 123 136 153 167 175 173 164 151 134 115 102 
98 102 112 127 145 158 160 154 141 123 104 90 84 85 94 107 123 138 144 141 134 123 109  95
90 91 100 113 129 144 151 149 140 126 110  94 83 80 85 94 107 122 133 137 136 132 123 113 
107 106 111 120 133 147 158 161 157 147 134 120 106 97 95 99 106 116 127 135 138 138 137 132 
128 126 127 131 139 149 158 164 162 153 141 129 116 104 96 93 93 99 106 114 119 121 121 121  
119 116 116 117 122 129 135 141 144 141 136 128 118 107  97 91 88 87 89 93 99 107 112 117 
121 123 124 124 125 128 132 137 142 143 141 139 135 127 118 108 99 92 88 87 90 97 104 112 
121 127 130 129 129 129 129 130 132 136 140 143 143 141 135 126 116 106 98 93 92 97 106 116 
128 140 148 154 154 149 143 139 138 141 146 150 153 153 149 142 131 116 101  89 84 86 91 100 
114 128 137 140 138 132 124 117 114 115 119 127 137 145 148 145 135 122 107 93 83 80 83 92 
108 126 139 146 148 144 134 123 115 112 115 122 132 144 152 155 150 138 122 103 87 80 78 83
96 114 131 142 145 143 134 120 108 99 99 105 116 131 146 154 154 147 134 118 101 90 86 90 
102 119 138 151 157 158 153 142 127 116 111 113 122 137 154 167 171 168 159 143 124 109 102 102
108 121 138 153 162 162 157 146 130 114 104 103 108 119 136 153 163 163 157 145 130 113 101  99 
104 116 131 147 161 166 163 154 140 124 111 106 109 119 134 152 167 175 174 165 152 137 123 115 
116 125 137 151 164 172 172 163 148 131 114 104 102 107 118 134 148 159 160 154 142 130 118 110 
109 114 124 136 149 160 161 154 142 128 113 100 93 94 101 114 129 141 149 148 141 132 120 112 
109 113 120 130 140 150 155 151 141 128 114 103 95 91 94 101 114 127 137 140 137 130 122 115 
112 113 117 124 133 143 149 149 143 132 120 108 99 94 93 98 105 113 124 132 134 133 130 126 
125 125 129 135 142 151 158 161 159 153 146 137 127 121 117 118 123 130 138 145 150 153 153 151
150 150 152 155 159 162 165 167 165 162 157 149 140 131 124 120 117 117 121 126 131 135 138 140
141 141 142 142 143 145 148 150 150 149 147 143 137 129 120 113 107 102 101 103 108 116 124 132
137 140 141 141 141 139 139 139 141 142 143 142 140 136 130 121 110 100 95 93 96 102 111 122 
131 138 140 139 137 134 131 130 129 131 137 143 144 145 142 135 124 112 100 93 92 96 106 120
133 144 150 151 148 142 135 131 128 129 134 143 152 156 156 151 140 125 108 94 87 85 90 104
120 135 145 148 146 137 125 115 109 109 113 121 133 145 152 153 147 134 117 99 87 83 85 95
112 130 146 153 154 148 135 121 110 105 107 115 128 146 159 167 166 158 143 125 108 99 97 103
118 139 157 169 172 168 157 141 124 112 109 115 127 145 165 179 185 183 172 154 134 116 107 108
118 135 153 167 174 171 161 144 123 105 96 95 102 116 136 155 167 169 163 151 134 117 106 105
111 124 141 158 169 169 162 148 127 107 92 86 88 98 114 134 153 162 162 155 142 127 114 108